,RunId,Step,seed,steps_per_second,aisle_speed,number_of_passengers,conformance,seat_assignment_method,Time (s),Boarding completed,Seat shuffle waiting time (s)
0,11,2661,0,2,0.8,125,0,random,1331.0,True,0.0
125,0,2880,0,2,0.8,124,0,random,1440.5,True,0.0
249,12,2661,0,2,0.8,125,10,random,1331.0,True,0.0
374,3,2880,0,2,0.8,124,30,random,1440.5,True,0.0
498,2,2880,0,2,0.8,124,20,random,1440.5,True,0.0
622,4,2880,0,2,0.8,124,40,random,1440.5,True,0.0
746,1,2880,0,2,0.8,124,10,random,1440.5,True,0.0
870,14,2661,0,2,0.8,125,30,random,1331.0,True,0.0
995,13,2661,0,2,0.8,125,20,random,1331.0,True,0.0
1120,8,2880,0,2,0.8,124,80,random,1440.5,True,0.0
1244,5,2880,0,2,0.8,124,50,random,1440.5,True,0.0
1368,6,2880,0,2,0.8,124,60,random,1440.5,True,0.0
1492,7,2880,0,2,0.8,124,70,random,1440.5,True,0.0
1616,15,2661,0,2,0.8,125,40,random,1331.0,True,0.0
1741,9,2880,0,2,0.8,124,90,random,1440.5,True,0.0
1865,10,2880,0,2,0.8,124,100,random,1440.5,True,0.0
1989,16,2661,0,2,0.8,125,50,random,1331.0,True,0.0
2114,19,2661,0,2,0.8,125,80,random,1331.0,True,0.0
2239,17,2661,0,2,0.8,125,60,random,1331.0,True,0.0
2364,18,2661,0,2,0.8,125,70,random,1331.0,True,0.0
2489,20,2661,0,2,0.8,125,90,random,1331.0,True,0.0
2614,21,2661,0,2,0.8,125,100,random,1331.0,True,0.0
2739,22,2803,0,2,0.8,126,0,random,1402.0,True,0.0
2865,23,2803,0,2,0.8,126,10,random,1402.0,True,0.0
2991,26,2803,0,2,0.8,126,40,random,1402.0,True,0.0
3117,27,2803,0,2,0.8,126,50,random,1402.0,True,0.0
3243,24,2803,0,2,0.8,126,20,random,1402.0,True,0.0
3369,28,2803,0,2,0.8,126,60,random,1402.0,True,0.0
3495,30,2803,0,2,0.8,126,80,random,1402.0,True,0.0
3621,25,2803,0,2,0.8,126,30,random,1402.0,True,0.0
3747,29,2803,0,2,0.8,126,70,random,1402.0,True,0.0
3873,31,2803,0,2,0.8,126,90,random,1402.0,True,0.0
3999,34,2678,0,2,0.8,127,10,random,1339.5,True,0.0
4126,33,2678,0,2,0.8,127,0,random,1339.5,True,0.0
4253,35,2678,0,2,0.8,127,20,random,1339.5,True,0.0
4380,32,2803,0,2,0.8,126,100,random,1402.0,True,0.0
4506,36,2678,0,2,0.8,127,30,random,1339.5,True,0.0
4633,37,2678,0,2,0.8,127,40,random,1339.5,True,0.0
4760,38,2678,0,2,0.8,127,50,random,1339.5,True,0.0
4887,39,2678,0,2,0.8,127,60,random,1339.5,True,0.0
5014,40,2678,0,2,0.8,127,70,random,1339.5,True,0.0
5141,42,2678,0,2,0.8,127,90,random,1339.5,True,0.0
5268,41,2678,0,2,0.8,127,80,random,1339.5,True,0.0
5395,43,2678,0,2,0.8,127,100,random,1339.5,True,0.0
5522,44,2901,0,2,0.8,128,0,random,1451.0,True,0.0
5650,45,2901,0,2,0.8,128,10,random,1451.0,True,0.0
5778,46,2901,0,2,0.8,128,20,random,1451.0,True,0.0
5906,47,2901,0,2,0.8,128,30,random,1451.0,True,0.0
6034,48,2901,0,2,0.8,128,40,random,1451.0,True,0.0
6162,49,2901,0,2,0.8,128,50,random,1451.0,True,0.0
6290,51,2901,0,2,0.8,128,70,random,1451.0,True,0.0
6418,56,2777,0,2,0.8,129,10,random,1389.0,True,0.0
6547,55,2777,0,2,0.8,129,0,random,1389.0,True,0.0
6676,57,2777,0,2,0.8,129,20,random,1389.0,True,0.0
6805,50,2901,0,2,0.8,128,60,random,1451.0,True,0.0
6933,52,2901,0,2,0.8,128,80,random,1451.0,True,0.0
7061,54,2901,0,2,0.8,128,100,random,1451.0,True,0.0
7189,59,2777,0,2,0.8,129,40,random,1389.0,True,0.0
7318,53,2901,0,2,0.8,128,90,random,1451.0,True,0.0
7446,58,2777,0,2,0.8,129,30,random,1389.0,True,0.0
7575,62,2777,0,2,0.8,129,70,random,1389.0,True,0.0
7704,61,2777,0,2,0.8,129,60,random,1389.0,True,0.0
7833,60,2777,0,2,0.8,129,50,random,1389.0,True,0.0
7962,63,2777,0,2,0.8,129,80,random,1389.0,True,0.0
8091,66,2655,0,2,0.8,130,0,random,1328.0,True,0.0
8221,65,2777,0,2,0.8,129,100,random,1389.0,True,0.0
8350,64,2777,0,2,0.8,129,90,random,1389.0,True,0.0
8479,70,2655,0,2,0.8,130,40,random,1328.0,True,0.0
8609,67,2655,0,2,0.8,130,10,random,1328.0,True,0.0
8739,68,2655,0,2,0.8,130,20,random,1328.0,True,0.0
8869,71,2655,0,2,0.8,130,50,random,1328.0,True,0.0
8999,72,2655,0,2,0.8,130,60,random,1328.0,True,0.0
9129,69,2655,0,2,0.8,130,30,random,1328.0,True,0.0
9259,74,2655,0,2,0.8,130,80,random,1328.0,True,0.0
9389,73,2655,0,2,0.8,130,70,random,1328.0,True,0.0
9519,75,2655,0,2,0.8,130,90,random,1328.0,True,0.0
9649,76,2655,0,2,0.8,130,100,random,1328.0,True,0.0
9779,79,2890,0,2,0.8,131,20,random,1445.5,True,0.0
9910,77,2890,0,2,0.8,131,0,random,1445.5,True,0.0
10041,78,2890,0,2,0.8,131,10,random,1445.5,True,0.0
10172,82,2890,0,2,0.8,131,50,random,1445.5,True,0.0
10303,80,2890,0,2,0.8,131,30,random,1445.5,True,0.0
10434,84,2890,0,2,0.8,131,70,random,1445.5,True,0.0
10565,81,2890,0,2,0.8,131,40,random,1445.5,True,0.0
10696,85,2890,0,2,0.8,131,80,random,1445.5,True,0.0
10827,83,2890,0,2,0.8,131,60,random,1445.5,True,0.0
10958,86,2890,0,2,0.8,131,90,random,1445.5,True,0.0
11089,87,2890,0,2,0.8,131,100,random,1445.5,True,0.0
11220,88,3175,0,2,0.8,132,0,random,1588.0,True,0.0
11352,89,3175,0,2,0.8,132,10,random,1588.0,True,0.0
11484,91,3175,0,2,0.8,132,30,random,1588.0,True,0.0
11616,90,3175,0,2,0.8,132,20,random,1588.0,True,0.0
11748,92,3175,0,2,0.8,132,40,random,1588.0,True,0.0
11880,93,3175,0,2,0.8,132,50,random,1588.0,True,0.0
12012,95,3175,0,2,0.8,132,70,random,1588.0,True,0.0
12144,94,3175,0,2,0.8,132,60,random,1588.0,True,0.0
12276,99,3019,0,2,0.8,133,0,random,1510.0,True,0.0
12409,100,3019,0,2,0.8,133,10,random,1510.0,True,0.0
12542,101,3019,0,2,0.8,133,20,random,1510.0,True,0.0
12675,103,3019,0,2,0.8,133,40,random,1510.0,True,0.0
12808,102,3019,0,2,0.8,133,30,random,1510.0,True,0.0
12941,96,3175,0,2,0.8,132,80,random,1588.0,True,0.0
13073,97,3175,0,2,0.8,132,90,random,1588.0,True,0.0
13205,98,3175,0,2,0.8,132,100,random,1588.0,True,0.0
13337,104,3019,0,2,0.8,133,50,random,1510.0,True,0.0
13470,107,3019,0,2,0.8,133,80,random,1510.0,True,0.0
13603,105,3019,0,2,0.8,133,60,random,1510.0,True,0.0
13736,106,3019,0,2,0.8,133,70,random,1510.0,True,0.0
13869,108,3019,0,2,0.8,133,90,random,1510.0,True,0.0
14002,109,3019,0,2,0.8,133,100,random,1510.0,True,0.0
14135,110,2941,0,2,0.8,134,0,random,1471.0,True,0.0
14269,111,2941,0,2,0.8,134,10,random,1471.0,True,0.0
14403,112,2941,0,2,0.8,134,20,random,1471.0,True,0.0
14537,114,2941,0,2,0.8,134,40,random,1471.0,True,0.0
14671,116,2941,0,2,0.8,134,60,random,1471.0,True,0.0
14805,113,2941,0,2,0.8,134,30,random,1471.0,True,0.0
14939,115,2941,0,2,0.8,134,50,random,1471.0,True,0.0
15073,118,2941,0,2,0.8,134,80,random,1471.0,True,0.0
15207,117,2941,0,2,0.8,134,70,random,1471.0,True,0.0
15341,119,2941,0,2,0.8,134,90,random,1471.0,True,0.0
15475,121,2880,0,2,0.8,135,0,random,1440.5,True,0.0
15610,120,2941,0,2,0.8,134,100,random,1471.0,True,0.0
15744,123,2880,0,2,0.8,135,20,random,1440.5,True,0.0
15879,122,2880,0,2,0.8,135,10,random,1440.5,True,0.0
16014,124,2880,0,2,0.8,135,30,random,1440.5,True,0.0
16149,125,2880,0,2,0.8,135,40,random,1440.5,True,0.0
16284,126,2880,0,2,0.8,135,50,random,1440.5,True,0.0
16419,127,2880,0,2,0.8,135,60,random,1440.5,True,0.0
16554,129,2880,0,2,0.8,135,80,random,1440.5,True,0.0
16689,128,2880,0,2,0.8,135,70,random,1440.5,True,0.0
16824,131,2880,0,2,0.8,135,100,random,1440.5,True,0.0
16959,130,2880,0,2,0.8,135,90,random,1440.5,True,0.0
17094,132,2963,0,2,0.8,136,0,random,1482.0,True,0.0
17230,133,2963,0,2,0.8,136,10,random,1482.0,True,0.0
17366,134,2963,0,2,0.8,136,20,random,1482.0,True,0.0
17502,135,2963,0,2,0.8,136,30,random,1482.0,True,0.0
17638,136,2963,0,2,0.8,136,40,random,1482.0,True,0.0
17774,138,2963,0,2,0.8,136,60,random,1482.0,True,0.0
17910,139,2963,0,2,0.8,136,70,random,1482.0,True,0.0
18046,137,2963,0,2,0.8,136,50,random,1482.0,True,0.0
18182,143,2696,0,2,0.8,137,0,random,1348.5,True,0.0
18319,140,2963,0,2,0.8,136,80,random,1482.0,True,0.0
18455,141,2963,0,2,0.8,136,90,random,1482.0,True,0.0
18591,142,2963,0,2,0.8,136,100,random,1482.0,True,0.0
18727,144,2696,0,2,0.8,137,10,random,1348.5,True,0.0
18864,145,2696,0,2,0.8,137,20,random,1348.5,True,0.0
19001,146,2696,0,2,0.8,137,30,random,1348.5,True,0.0
19138,147,2696,0,2,0.8,137,40,random,1348.5,True,0.0
19275,148,2696,0,2,0.8,137,50,random,1348.5,True,0.0
19412,149,2696,0,2,0.8,137,60,random,1348.5,True,0.0
19549,151,2696,0,2,0.8,137,80,random,1348.5,True,0.0
19686,152,2696,0,2,0.8,137,90,random,1348.5,True,0.0
19823,150,2696,0,2,0.8,137,70,random,1348.5,True,0.0
19960,153,2696,0,2,0.8,137,100,random,1348.5,True,0.0
20097,154,3126,0,2,0.8,138,0,random,1563.5,True,0.0
20235,155,3126,0,2,0.8,138,10,random,1563.5,True,0.0
20373,157,3126,0,2,0.8,138,30,random,1563.5,True,0.0
20511,156,3126,0,2,0.8,138,20,random,1563.5,True,0.0
20649,158,3126,0,2,0.8,138,40,random,1563.5,True,0.0
20787,159,3126,0,2,0.8,138,50,random,1563.5,True,0.0
20925,160,3126,0,2,0.8,138,60,random,1563.5,True,0.0
21063,161,3126,0,2,0.8,138,70,random,1563.5,True,0.0
21201,162,3126,0,2,0.8,138,80,random,1563.5,True,0.0
21339,163,3126,0,2,0.8,138,90,random,1563.5,True,0.0
21477,164,3126,0,2,0.8,138,100,random,1563.5,True,0.0
21615,165,3200,0,2,0.8,139,0,random,1600.5,True,0.0
21754,166,3200,0,2,0.8,139,10,random,1600.5,True,0.0
21893,167,3200,0,2,0.8,139,20,random,1600.5,True,0.0
22032,168,3200,0,2,0.8,139,30,random,1600.5,True,0.0
22171,169,3200,0,2,0.8,139,40,random,1600.5,True,0.0
22310,170,3200,0,2,0.8,139,50,random,1600.5,True,0.0
22449,171,3200,0,2,0.8,139,60,random,1600.5,True,0.0
22588,172,3200,0,2,0.8,139,70,random,1600.5,True,0.0
22727,173,3200,0,2,0.8,139,80,random,1600.5,True,0.0
22866,174,3200,0,2,0.8,139,90,random,1600.5,True,0.0
23005,175,3200,0,2,0.8,139,100,random,1600.5,True,0.0
23144,177,3024,0,2,0.8,140,10,random,1512.5,True,0.0
23284,178,3024,0,2,0.8,140,20,random,1512.5,True,0.0
23424,176,3024,0,2,0.8,140,0,random,1512.5,True,0.0
23564,179,3024,0,2,0.8,140,30,random,1512.5,True,0.0
23704,184,3024,0,2,0.8,140,80,random,1512.5,True,0.0
23844,183,3024,0,2,0.8,140,70,random,1512.5,True,0.0
23984,185,3024,0,2,0.8,140,90,random,1512.5,True,0.0
24124,182,3024,0,2,0.8,140,60,random,1512.5,True,0.0
24264,180,3024,0,2,0.8,140,40,random,1512.5,True,0.0
24404,181,3024,0,2,0.8,140,50,random,1512.5,True,0.0
24544,186,3024,0,2,0.8,140,100,random,1512.5,True,0.0
24684,187,3479,0,2,0.8,141,0,random,1740.0,True,0.0
24825,188,3479,0,2,0.8,141,10,random,1740.0,True,0.0
24966,190,3479,0,2,0.8,141,30,random,1740.0,True,0.0
25107,189,3479,0,2,0.8,141,20,random,1740.0,True,0.0
25248,191,3479,0,2,0.8,141,40,random,1740.0,True,0.0
25389,193,3479,0,2,0.8,141,60,random,1740.0,True,0.0
25530,192,3479,0,2,0.8,141,50,random,1740.0,True,0.0
25671,194,3479,0,2,0.8,141,70,random,1740.0,True,0.0
25812,195,3479,0,2,0.8,141,80,random,1740.0,True,0.0
25953,197,3479,0,2,0.8,141,100,random,1740.0,True,0.0
26094,196,3479,0,2,0.8,141,90,random,1740.0,True,0.0
